1 0.520076 0.885393 0.085799 0.229215
0 0.319315 0.840647 0.072274 0.209007
0 0.173288 0.846420 0.089603 0.212471
0 0.325444 0.528580 0.067625 0.189954
0 0.513102 0.528002 0.071851 0.188799
0 0.695266 0.523672 0.080304 0.183603
0 0.821429 0.519919 0.081572 0.183025
0 0.707735 0.831120 0.086644 0.204965
0 0.840237 0.823614 0.086221 0.200346
0 0.216399 0.264145 0.068470 0.112587
0 0.338335 0.264723 0.066357 0.113741
0 0.508030 0.269919 0.072697 0.111432
0 0.671175 0.271651 0.069315 0.110277
0 0.786560 0.270785 0.069315 0.107390
0 0.491758 0.084873 0.038462 0.103926
0 0.449281 0.094400 0.022823 0.119515
0 0.532967 0.101905 0.021133 0.124134
