0 0.164944 0.573848 0.115750 0.228207
0 0.334022 0.577735 0.105002 0.220433
0 0.182720 0.279289 0.104175 0.182121
0 0.345184 0.278179 0.100868 0.184342
0 0.531418 0.276513 0.098801 0.178790
0 0.715585 0.284842 0.099215 0.183232
0 0.869368 0.291505 0.104175 0.182121
0 0.533072 0.573570 0.098801 0.222099
0 0.728607 0.580788 0.105415 0.217657
0 0.888590 0.581621 0.105415 0.214881
0 0.143861 0.902832 0.114924 0.193226
0 0.324308 0.903109 0.108723 0.193781
0 0.735635 0.905053 0.107069 0.189895
0 0.906986 0.903942 0.104175 0.192115
1 0.532245 0.913381 0.093840 0.173237
