0 0.161607 0.238933 0.105899 0.155978
0 0.359089 0.247621 0.100724 0.163426
0 0.526388 0.255896 0.106244 0.159288
0 0.689376 0.266446 0.094170 0.157220
0 0.858055 0.278237 0.087961 0.158461
0 0.155571 0.542408 0.106244 0.235830
0 0.355295 0.546545 0.106933 0.227555
0 0.528113 0.528134 0.106244 0.266860
0 0.694032 0.553372 0.103484 0.209764
0 0.864781 0.557096 0.096585 0.204799
0 0.876164 0.874431 0.100034 0.188250
0 0.703174 0.879189 0.104519 0.193628
0 0.357882 0.885395 0.105209 0.195283
0 0.152984 0.886429 0.104519 0.201489
0 0.528976 0.809888 0.095550 0.055027
1 0.531908 0.922218 0.089686 0.155565
