1 0.540268 0.920000 0.096197 0.160000
1 0.439597 0.924762 0.100671 0.150476
0 0.492170 0.793333 0.210291 0.104762
0 0.199105 0.848571 0.120805 0.188571
0 0.023490 0.857143 0.042506 0.171429
0 0.761745 0.831429 0.154362 0.203810
0 0.044743 0.596190 0.085011 0.175238
0 0.247204 0.571429 0.114094 0.167619
0 0.491051 0.547619 0.140940 0.169524
0 0.747204 0.532381 0.134228 0.184762
0 0.976510 0.520952 0.046980 0.177143
0 0.057047 0.362857 0.109620 0.127619
0 0.265101 0.340000 0.114094 0.135238
0 0.491051 0.313333 0.145414 0.146667
0 0.739374 0.286667 0.140940 0.142857
0 0.958613 0.264762 0.082774 0.144762
2 0.137584 0.452381 0.123043 0.409524
2 0.357942 0.420952 0.093960 0.419048
2 0.607383 0.403810 0.073826 0.434286
2 0.864653 0.379048 0.127517 0.438095
2 0.288591 0.836190 0.089485 0.327619
2 0.640940 0.832381 0.064877 0.335238
