3 0.573770 0.244213 0.314754 0.261574
3 0.211475 0.166667 0.419672 0.328704
0 0.138525 0.435185 0.047541 0.138889
0 0.185246 0.434028 0.039344 0.141204
0 0.226230 0.432870 0.042623 0.152778
0 0.272131 0.431713 0.039344 0.150463
0 0.536885 0.469907 0.044262 0.138889
0 0.581148 0.467593 0.037705 0.143519
0 0.781967 0.243056 0.045902 0.138889
0 0.825410 0.239583 0.037705 0.141204
0 0.869672 0.236111 0.044262 0.134259
0 0.794262 0.513889 0.044262 0.125000
0 0.835246 0.513889 0.037705 0.134259
0 0.876230 0.511574 0.040984 0.129630
0 0.134426 0.791667 0.042623 0.138889
0 0.178689 0.792824 0.045902 0.136574
0 0.222131 0.791667 0.040984 0.138889
0 0.266393 0.789352 0.040984 0.138889
0 0.427049 0.445602 0.018033 0.141204
0 0.427049 0.789352 0.018033 0.125000
0 0.722131 0.819444 0.011475 0.134259
