0 0.534574 0.650602 0.093972 0.160643
0 0.631206 0.642570 0.053191 0.168675
0 0.440603 0.668675 0.054965 0.136546
0 0.294326 0.743976 0.053191 0.150602
0 0.230496 0.754016 0.056738 0.142570
0 0.117908 0.755020 0.054965 0.140562
0 0.078901 0.759036 0.051418 0.136546
0 0.032801 0.771084 0.047872 0.132530
0 0.210106 0.941767 0.047872 0.116466
0 0.274823 0.934739 0.056738 0.130522
0 0.835106 0.648594 0.067376 0.188755
0 0.938830 0.624498 0.069149 0.188755
0 0.943262 0.895582 0.067376 0.208835
0 0.833333 0.902610 0.063830 0.194779
0 0.013298 0.943775 0.023050 0.112450
0 0.046986 0.938755 0.047872 0.122490
0 0.099291 0.907631 0.024823 0.048193
0 0.496454 0.956827 0.134752 0.086345
2 0.378546 0.936747 0.051418 0.122490
2 0.574468 0.921687 0.035461 0.156627
2 0.339539 0.936747 0.030142 0.126506
2 0.624113 0.923695 0.067376 0.152610
0 0.796099 0.319277 0.039007 0.056225
